1744
63 3969
91 8281
49 2401
74 5476
52 2704
74 5476
77 5929
54 2916
43 1849
49 2401
53 2809
68 4624
13 169
59 3481
95 9025
16 256
53 2809
75 5625
33 1089
30 900
47 2209
11 121
56 3136
68 4624
99 9801
48 2304
29 841
70 4900
89 7921
22 484
61 3721
92 8464
45 2025
90 8100
95 9025
38 1444
60 3600
27 729
13 169
54 2916
97 9409
92 8464
74 5476
65 4225
39 1521
79 6241
48 2304
7 49
5 25
83 6889
50 2500
67 4489
80 6400
87 7569
54 2916
93 8649
33 1089
81 6561
93 8649
62 3844
80 6400
54 2916
14 196
46 2116
28 784
31 961
43 1849
72 5184
16 256
85 7225
25 625
85 7225
20 400
30 900
46 2116
73 5329
99 9801
87 7569
41 1681
52 2704
99 9801
30 900
33 1089
50 2500
97 9409
18 324
53 2809
66 4356
15 225
21 441
90 8100
25 625
36 1296
56 3136
8 64
72 5184
11 121
34 1156
15 225
88 7744
25 625
82 6724
92 8464
78 6084
5 25
73 5329
96 9216
6 36
41 1681
17 289
63 3969
78 6084
26 676
47 2209
48 2304
80 6400
70 4900
100 10000
98 9604
21 441
100 10000
26 676
52 2704
36 1296
36 1296
89 7921
8 64
76 5776
18 324
66 4356
36 1296
99 9801
14 196
45 2025
85 7225
67 4489
87 7569
38 1444
36 1296
50 2500
37 1369
24 576
90 8100
21 441
80 6400
18 324
32 1024
78 6084
10 100
48 2304
28 784
38 1444
67 4489
33 1089
46 2116
86 7396
93 8649
73 5329
35 1225
48 2304
38 1444
76 5776
57 3249
97 9409
33 1089
98 9604
31 961
24 576
45 2025
11 121
100 10000
46 2116
9 81
7 49
13 169
48 2304
77 5929
60 3600
17 289
3 9
27 729
67 4489
26 676
2 4
66 4356
15 225
94 8836
63 3969
1 1
39 1521
11 121
62 3844
39 1521
8 64
98 9604
30 900
47 2209
96 9216
68 4624
26 676
6 36
76 5776
81 6561
84 7056
53 2809
62 3844
58 3364
40 1600
53 2809
25 625
56 3136
77 5929
10 100
54 2916
75 5625
42 1764
2 4
4 16
63 3969
53 2809
96 9216
39 1521
64 4096
26 676
59 3481
48 2304
26 676
46 2116
21 441
4 16
69 4761
53 2809
37 1369
89 7921
57 3249
16 256
53 2809
35 1225
12 144
90 8100
43 1849
47 2209
5 25
87 7569
44 1936
19 361
7 49
53 2809
58 3364
81 6561
71 5041
73 5329
6 36
82 6724
59 3481
55 3025
76 5776
9 81
59 3481
97 9409
6 36
20 400
92 8464
34 1156
70 4900
41 1681
80 6400
27 729
45 2025
52 2704
79 6241
45 2025
99 9801
65 4225
64 4096
13 169
78 6084
70 4900
92 8464
82 6724
56 3136
59 3481
54 2916
46 2116
30 900
35 1225
2 4
56 3136
79 6241
27 729
70 4900
7 49
43 1849
91 8281
60 3600
37 1369
11 121
33 1089
59 3481
73 5329
25 625
85 7225
92 8464
62 3844
43 1849
57 3249
14 196
24 576
20 400
34 1156
91 8281
83 6889
33 1089
18 324
51 2601
38 1444
31 961
75 5625
6 36
24 576
93 8649
91 8281
12 144
8 64
97 9409
19 361
66 4356
70 4900
13 169
64 4096
59 3481
24 576
91 8281
1 1
54 2916
68 4624
83 6889
18 324
88 7744
96 9216
76 5776
40 1600
31 961
60 3600
3 9
84 7056
12 144
17 289
33 1089
69 4761
87 7569
61 3721
79 6241
23 529
61 3721
39 1521
41 1681
10 100
64 4096
33 1089
57 3249
20 400
37 1369
27 729
27 729
30 900
55 3025
45 2025
19 361
63 3969
19 361
96 9216
80 6400
12 144
6 36
54 2916
91 8281
61 3721
22 484
68 4624
25 625
55 3025
60 3600
93 8649
50 2500
68 4624
62 3844
2 4
87 7569
99 9801
77 5929
37 1369
82 6724
52 2704
43 1849
93 8649
16 256
29 841
12 144
30 900
39 1521
61 3721
76 5776
46 2116
63 3969
19 361
100 10000
15 225
66 4356
27 729
45 2025
10 100
9 81
61 3721
72 5184
53 2809
69 4761
24 576
18 324
44 1936
14 196
65 4225
11 121
1 1
58 3364
88 7744
36 1296
80 6400
88 7744
46 2116
20 400
9 81
11 121
41 1681
18 324
91 8281
61 3721
78 6084
10 100
88 7744
20 400
21 441
58 3364
10 100
84 7056
85 7225
18 324
69 4761
34 1156
2 4
80 6400
26 676
70 4900
92 8464
40 1600
74 5476
8 64
61 3721
10 100
29 841
32 1024
49 2401
66 4356
95 9025
87 7569
14 196
43 1849
90 8100
22 484
17 289
4 16
80 6400
74 5476
68 4624
46 2116
84 7056
28 784
48 2304
72 5184
9 81
85 7225
22 484
54 2916
81 6561
80 6400
30 900
89 7921
95 9025
10 100
35 1225
36 1296
81 6561
14 196
59 3481
58 3364
46 2116
48 2304
74 5476
99 9801
66 4356
18 324
93 8649
46 2116
39 1521
67 4489
36 1296
13 169
53 2809
65 4225
66 4356
5 25
75 5625
59 3481
41 1681
11 121
51 2601
99 9801
52 2704
30 900
69 4761
42 1764
76 5776
52 2704
83 6889
77 5929
44 1936
74 5476
33 1089
40 1600
46 2116
5 25
76 5776
47 2209
96 9216
15 225
52 2704
55 3025
37 1369
89 7921
6 36
64 4096
92 8464
22 484
19 361
7 49
68 4624
71 5041
23 529
77 5929
76 5776
41 1681
96 9216
8 64
1 1
95 9025
42 1764
34 1156
84 7056
2 4
54 2916
10 100
93 8649
75 5625
40 1600
14 196
75 5625
88 7744
98 9604
41 1681
67 4489
88 7744
46 2116
86 7396
78 6084
75 5625
7 49
11 121
19 361
74 5476
57 3249
19 361
91 8281
9 81
64 4096
4 16
52 2704
55 3025
11 121
63 3969
14 196
14 196
85 7225
95 9025
62 3844
30 900
96 9216
2 4
68 4624
18 324
72 5184
18 324
97 9409
54 2916
72 5184
92 8464
77 5929
64 4096
83 6889
60 3600
41 1681
54 2916
31 961
25 625
87 7569
29 841
6 36
61 3721
79 6241
63 3969
28 784
73 5329
69 4761
50 2500
95 9025
7 49
20 400
16 256
24 576
58 3364
7 49
37 1369
10 100
84 7056
13 169
50 2500
70 4900
7 49
45 2025
7 49
80 6400
51 2601
95 9025
48 2304
10 100
10 100
18 324
93 8649
84 7056
81 6561
6 36
100 10000
63 3969
39 1521
3 9
77 5929
80 6400
18 324
58 3364
2 4
25 625
71 5041
76 5776
49 2401
25 625
35 1225
13 169
67 4489
80 6400
49 2401
96 9216
22 484
84 7056
4 16
17 289
54 2916
56 3136
23 529
24 576
45 2025
56 3136
93 8649
72 5184
5 25
26 676
50 2500
65 4225
61 3721
16 256
65 4225
15 225
20 400
70 4900
13 169
79 6241
74 5476
21 441
9 81
59 3481
21 441
42 1764
46 2116
75 5625
83 6889
65 4225
22 484
61 3721
45 2025
94 8836
54 2916
6 36
14 196
11 121
17 289
20 400
93 8649
12 144
3 9
87 7569
96 9216
3 9
76 5776
11 121
46 2116
39 1521
4 16
91 8281
75 5625
47 2209
48 2304
79 6241
60 3600
60 3600
41 1681
3 9
21 441
77 5929
84 7056
12 144
95 9025
63 3969
65 4225
6 36
86 7396
59 3481
62 3844
12 144
31 961
39 1521
66 4356
55 3025
18 324
12 144
70 4900
43 1849
37 1369
68 4624
79 6241
44 1936
47 2209
58 3364
79 6241
34 1156
97 9409
17 289
47 2209
96 9216
46 2116
74 5476
7 49
38 1444
35 1225
49 2401
45 2025
95 9025
73 5329
1 1
49 2401
21 441
49 2401
30 900
65 4225
32 1024
79 6241
52 2704
95 9025
96 9216
93 8649
100 10000
4 16
41 1681
8 64
76 5776
1 1
69 4761
23 529
96 9216
36 1296
2 4
93 8649
52 2704
99 9801
23 529
90 8100
69 4761
7 49
6 36
98 9604
83 6889
14 196
40 1600
13 169
23 529
45 2025
76 5776
80 6400
97 9409
42 1764
17 289
10 100
3 9
52 2704
70 4900
59 3481
67 4489
31 961
94 8836
1 1
5 25
37 1369
51 2601
39 1521
40 1600
7 49
46 2116
72 5184
55 3025
27 729
35 1225
5 25
76 5776
40 1600
78 6084
86 7396
66 4356
30 900
86 7396
53 2809
52 2704
21 441
32 1024
59 3481
75 5625
17 289
36 1296
43 1849
88 7744
39 1521
45 2025
12 144
4 16
4 16
50 2500
34 1156
69 4761
92 8464
96 9216
64 4096
97 9409
67 4489
17 289
58 3364
65 4225
82 6724
29 841
81 6561
52 2704
94 8836
41 1681
69 4761
64 4096
28 784
28 784
68 4624
91 8281
77 5929
16 256
47 2209
27 729
90 8100
11 121
69 4761
10 100
69 4761
71 5041
9 81
78 6084
99 9801
87 7569
97 9409
60 3600
7 49
82 6724
61 3721
35 1225
42 1764
100 10000
87 7569
51 2601
35 1225
95 9025
26 676
95 9025
75 5625
76 5776
25 625
38 1444
89 7921
70 4900
7 49
23 529
94 8836
54 2916
66 4356
9 81
74 5476
33 1089
54 2916
17 289
14 196
53 2809
60 3600
45 2025
44 1936
100 10000
14 196
52 2704
17 289
59 3481
43 1849
100 10000
86 7396
91 8281
15 225
4 16
28 784
59 3481
38 1444
98 9604
20 400
15 225
48 2304
36 1296
20 400
57 3249
95 9025
30 900
48 2304
71 5041
58 3364
35 1225
48 2304
50 2500
45 2025
28 784
20 400
28 784
64 4096
49 2401
93 8649
22 484
49 2401
48 2304
75 5625
35 1225
29 841
1 1
84 7056
72 5184
98 9604
44 1936
67 4489
75 5625
47 2209
11 121
22 484
36 1296
54 2916
33 1089
42 1764
27 729
1 1
39 1521
48 2304
100 10000
35 1225
20 400
76 5776
4 16
57 3249
5 25
31 961
29 841
30 900
90 8100
17 289
89 7921
66 4356
59 3481
59 3481
45 2025
98 9604
41 1681
26 676
41 1681
80 6400
54 2916
83 6889
35 1225
1 1
85 7225
8 64
63 3969
23 529
61 3721
85 7225
15 225
4 16
28 784
96 9216
4 16
63 3969
70 4900
60 3600
65 4225
32 1024
55 3025
5 25
87 7569
27 729
93 8649
71 5041
9 81
41 1681
63 3969
47 2209
99 9801
61 3721
96 9216
85 7225
28 784
41 1681
7 49
10 100
45 2025
10 100
41 1681
70 4900
91 8281
38 1444
23 529
13 169
96 9216
91 8281
73 5329
94 8836
32 1024
55 3025
52 2704
59 3481
19 361
23 529
95 9025
7 49
18 324
20 400
61 3721
96 9216
54 2916
90 8100
43 1849
21 441
21 441
54 2916
40 1600
84 7056
53 2809
77 5929
60 3600
50 2500
23 529
80 6400
1 1
71 5041
22 484
93 8649
5 25
9 81
55 3025
85 7225
4 16
19 361
82 6724
54 2916
40 1600
28 784
76 5776
97 9409
68 4624
52 2704
29 841
88 7744
6 36
45 2025
73 5329
26 676
80 6400
87 7569
15 225
25 625
16 256
16 256
3 9
72 5184
50 2500
89 7921
32 1024
57 3249
3 9
76 5776
75 5625
60 3600
5 25
40 1600
97 9409
91 8281
55 3025
49 2401
93 8649
47 2209
88 7744
10 100
27 729
91 8281
11 121
90 8100
83 6889
17 289
97 9409
86 7396
86 7396
87 7569
95 9025
82 6724
64 4096
51 2601
97 9409
86 7396
46 2116
78 6084
28 784
94 8836
15 225
92 8464
78 6084
62 3844
99 9801
71 5041
31 961
45 2025
15 225
81 6561
77 5929
54 2916
54 2916
61 3721
60 3600
95 9025
16 256
51 2601
89 7921
87 7569
6 36
77 5929
43 1849
16 256
77 5929
7 49
59 3481
51 2601
79 6241
91 8281
83 6889
79 6241
85 7225
37 1369
79 6241
84 7056
25 625
52 2704
85 7225
90 8100
58 3364
35 1225
59 3481
7 49
57 3249
83 6889
31 961
48 2304
52 2704
10 100
91 8281
78 6084
68 4624
94 8836
7 49
34 1156
50 2500
61 3721
47 2209
22 484
61 3721
11 121
78 6084
3 9
82 6724
92 8464
99 9801
65 4225
34 1156
23 529
68 4624
1 1
53 2809
39 1521
14 196
37 1369
73 5329
28 784
14 196
63 3969
22 484
70 4900
48 2304
74 5476
66 4356
28 784
88 7744
40 1600
3 9
1 1
59 3481
20 400
7 49
35 1225
42 1764
49 2401
3 9
57 3249
11 121
14 196
59 3481
20 400
51 2601
45 2025
86 7396
17 289
80 6400
36 1296
63 3969
56 3136
91 8281
4 16
98 9604
34 1156
99 9801
40 1600
20 400
77 5929
30 900
14 196
24 576
20 400
78 6084
36 1296
85 7225
19 361
75 5625
79 6241
61 3721
9 81
67 4489
80 6400
68 4624
85 7225
90 8100
51 2601
4 16
31 961
25 625
90 8100
26 676
61 3721
37 1369
58 3364
10 100
78 6084
79 6241
68 4624
70 4900
97 9409
91 8281
4 16
13 169
29 841
67 4489
94 8836
47 2209
51 2601
48 2304
35 1225
31 961
1 1
23 529
21 441
60 3600
48 2304
19 361
5 25
70 4900
100 10000
95 9025
85 7225
15 225
82 6724
45 2025
49 2401
42 1764
12 144
18 324
29 841
27 729
45 2025
98 9604
51 2601
66 4356
81 6561
17 289
7 49
9 81
89 7921
38 1444
41 1681
58 3364
52 2704
16 256
10 100
94 8836
89 7921
70 4900
81 6561
53 2809
88 7744
90 8100
96 9216
63 3969
24 576
93 8649
70 4900
48 2304
88 7744
84 7056
47 2209
15 225
31 961
64 4096
75 5625
3 9
29 841
88 7744
15 225
48 2304
92 8464
50 2500
22 484
50 2500
56 3136
11 121
43 1849
68 4624
58 3364
2 4
11 121
26 676
32 1024
39 1521
59 3481
7 49
25 625
23 529
79 6241
44 1936
52 2704
4 16
1 1
2 4
83 6889
18 324
86 7396
60 3600
44 1936
27 729
6 36
11 121
95 9025
22 484
56 3136
78 6084
18 324
2 4
33 1089
12 144
12 144
26 676
81 6561
81 6561
17 289
68 4624
2 4
66 4356
21 441
11 121
59 3481
48 2304
81 6561
28 784
62 3844
37 1369
47 2209
26 676
35 1225
74 5476
24 576
13 169
43 1849
69 4761
3 9
12 144
71 5041
25 625
59 3481
74 5476
27 729
6 36
55 3025
35 1225
34 1156
36 1296
58 3364
15 225
5 25
88 7744
67 4489
51 2601
81 6561
45 2025
59 3481
66 4356
20 400
97 9409
34 1156
70 4900
29 841
78 6084
94 8836
10 100
24 576
54 2916
86 7396
26 676
74 5476
5 25
36 1296
40 1600
36 1296
23 529
91 8281
79 6241
91 8281
74 5476
33 1089
42 1764
19 361
39 1521
24 576
8 64
44 1936
88 7744
54 2916
83 6889
34 1156
10 100
60 3600
33 1089
100 10000
93 8649
10 100
74 5476
32 1024
32 1024
51 2601
36 1296
60 3600
52 2704
16 256
8 64
38 1444
72 5184
25 625
46 2116
17 289
19 361
81 6561
31 961
44 1936
53 2809
1 1
24 576
55 3025
33 1089
18 324
94 8836
62 3844
21 441
41 1681
43 1849
5 25
72 5184
3 9
61 3721
33 1089
63 3969
58 3364
90 8100
81 6561
60 3600
92 8464
44 1936
66 4356
38 1444
79 6241
4 16
78 6084
81 6561
63 3969
64 4096
35 1225
80 6400
14 196
64 4096
76 5776
54 2916
15 225
17 289
70 4900
10 100
49 2401
97 9409
54 2916
17 289
100 10000
56 3136
5 25
57 3249
57 3249
74 5476
30 900
68 4624
65 4225
94 8836
72 5184
71 5041
95 9025
66 4356
95 9025
61 3721
62 3844
38 1444
10 100
47 2209
30 900
51 2601
75 5625
98 9604
21 441
55 3025
49 2401
86 7396
13 169
52 2704
28 784
34 1156
94 8836
90 8100
39 1521
80 6400
64 4096
23 529
38 1444
68 4624
53 2809
41 1681
58 3364
83 6889
21 441
25 625
41 1681
80 6400
15 225
76 5776
77 5929
79 6241
63 3969
32 1024
3 9
83 6889
29 841
57 3249
34 1156
94 8836
6 36
79 6241
49 2401
91 8281
90 8100
50 2500
90 8100
89 7921
20 400
42 1764
47 2209
8 64
21 441
32 1024
10 100
32 1024
87 7569
61 3721
34 1156
22 484
62 3844
33 1089
4 16
32 1024
64 4096
64 4096
37 1369
15 225
71 5041
42 1764
27 729
43 1849
50 2500
86 7396
9 81
78 6084
91 8281
1 1
30 900
81 6561
27 729
31 961
15 225
88 7744
78 6084
60 3600
99 9801
34 1156
34 1156
50 2500
54 2916
53 2809
50 2500
25 625
97 9409
22 484
99 9801
32 1024
81 6561
7 49
10 100
9 81
61 3721
15 225
91 8281
71 5041
39 1521
97 9409
29 841
54 2916
13 169
27 729
92 8464
45 2025
74 5476
100 10000
8 64
22 484
31 961
85 7225
29 841
62 3844
92 8464
84 7056
87 7569
19 361
62 3844
93 8649
48 2304
24 576
76 5776
37 1369
21 441
28 784
36 1296
95 9025
89 7921
93 8649
5 25
17 289
40 1600
43 1849
38 1444
78 6084
100 10000
75 5625
2 4
21 441
29 841
45 2025
70 4900
80 6400
40 1600
48 2304
